15˚
bend
diamet
lang
rett
kort
rett
kortend
fisk
b
langen
fisk
b
rørforbruk
90
412
400
1000
110
414
400
1000
125
416
400
1000
140
418
400
1000
160
422
400
1000
180
424
400
1000
200
426
400
1000
225
430
400
1000
250
432
400
1000
280
636
600
1400
315
642
600
1400
355
646
600
1400
400
652
600
1400
450
660
600
1400
500
666
600
1400
560
1274
1200
2800
630
1282
1200
2800
bend
elmuff
halver
kort
rett
toleransekrav
produkt
kort
rett
30mm
avvinkl
3°
30˚
bend
diamet
lang
rett
kort
rett
kortend
fisk
b
langen
fisk
b
rørforbruk
90
424
400
1000
110
430
400
1000
125
434
400
1000
140
438
400
1000
160
442
400
1000
180
448
400
1000
200
454
400
1000
225
460
400
1000
250
468
400
1000
280
676
600
1600
315
684
600
1600
355
696
600
1600
400
708
600
1600
450
720
600
1600
500
734
600
1600
560
1350
1200
3000
630
1368
1200
3000
bend
elmuff
halver
kort
rett
toleransekrav
produkt
kort
rett
30mm
avvinkl
3°
45˚
bend
diamet
lang
rett
kort
rett
kortend
fisk
b
langen
fisk
b
rørforbruk
90
419
400
120
156
1100
110
423
400
120
165
1100
125
426
400
120
172
1100
140
429
400
120
178
1100
160
432
400
120
185
1100
180
436
400
120
193
1200
200
441
400
120
202
1200
225
446
400
120
212
1200
250
450
400
120
222
1200
280
661
600
120
234
1900
315
665
600
129
257
1900
355
673
600
145
290
1900
400
681
600
163
326
1900
450
792
600
184
368
1900
500
802
600
204
408
1900
560
1415
1200
229
458
3600
630
1428
1200
257
514
3600
bend
elmuff
halver
kort
rett
toleransekrav
produkt
kort
rett
kortend
fisk
b
30mm
avvinkl
3°
60˚
bend
diamet
lang
rett
kort
rett
kortend
fisk
b
langen
fisk
b
rørforbruk
90
424
400
120
168
1300
110
429
400
120
179
1300
125
434
400
120
187
1300
140
438
400
120
194
1300
160
443
400
120
206
1300
180
448
400
120
216
1300
200
454
400
120
237
1300
225
460
400
121
242
1300
250
468
400
134
268
1300
280
676
600
150
300
2200
315
684
600
169
338
2200
355
696
600
191
381
2200
400
708
600
241
428
2200
450
720
600
241
482
2200
500
734
600
268
536
2200
560
1350
1200
300
600
3900
630
1368
1200
338
676
3900
bend
elmuff
halver
kort
rett
toleransekrav
produkt
kort
rett
kortend
fisk
b
30mm
avvinkl
3°
90˚
bend
diamet
lang
rett
kort
rett
kortend
fisk
b
langen
fisk
b
rørforbruk
90
424
400
120
168
1300
110
429
400
120
179
1300
125
434
400
120
187
1300
140
438
400
120
194
1300
160
443
400
120
206
1600
180
448
400
120
216
1600
200
454
400
120
237
1600
225
460
400
121
242
1600
250
468
400
134
268
1600
280
676
600
150
300
2300
315
684
600
169
338
2300
355
696
600
191
381
2300
400
708
600
241
428
2700
450
720
600
241
482
2700
500
734
600
268
536
2700
560
1350
1200
300
600
4300
630
1368
1200
338
676
4300
bend
elmuff
halver
kort
rett
toleransekrav
produkt
kort
rett
kortend
fisk
b
30mm
avvinkl
3°
45˚
grenrør
diamet
kortend
avgren
b
avgren
c
total
lengd
l
totalt
rørforbruk
90
600
600
600
1327
2200
110
600
600
600
1356
2250
125
600
600
600
1377
2300
140
600
600
600
1398
2350
160
600
600
600
1426
2400
180
600
600
600
1454
2450
200
600
600
600
1482
2480
225
600
600
600
1518
2600
250
600
600
600
1553
2650
280
600
600
600
1596
2700
315
600
600
600
1645
2800
355
600
600
600
1702
3000
400
600
600
600
1766
3100
450
600
600
600
1836
3200
500
600
600
600
1907
3400
560
600
600
600
1992
3550
630
600
600
600
2091
3800
toleransekrav
produkt
kort
rett
avgren
b
c
30mm
avvinkl
3°
90˚
t-rør
diamet
lengd
z
kort
rett
q
høyde
avstikk
rørforbruk
90
1290
600
645
2070
110
1310
600
655
2130
125
1325
600
662,5
2175
140
1340
600
670
2220
160
1360
600
680
2280
180
1380
600
690
2340
200
1400
600
700
2400
225
1425
600
712,5
2475
250
1450
600
725
2550
280
1480
600
740
2640
315
1515
600
757,5
2745
355
1555
600
777,5
2865
400
1600
600
800
3000
450
1650
600
825
3150
500
1700
600
850
3300
560
1760
600
880
3480
630
1830
600
915
3690
toleransekrav
produkt
kort
rett
q
høyde
avstikk
30mm
avvinkl
3°
